1 0.0293381 0.0902082 0.144486
2 0.0322707 0.0909834 0.144486
3 0.0334627 0.0974358 0.161318
4 0.0342203 0.10444 0.173554
5 0.0350122 0.108354 0.173554
6 0.0395773 0.114577 0.173554
7 0.0448434 0.121034 0.173554
8 0.0463781 0.125989 0.173554
9 0.0565215 0.130336 0.173554
10 0.084006 0.133725 0.173554
11 0.0899067 0.138261 0.174732
12 0.112196 0.142511 0.1749
13 0.112485 0.144705 0.1749
14 0.121299 0.146213 0.1749
15 0.123717 0.147319 0.1749
16 0.124298 0.148131 0.1749
17 0.128695 0.15013 0.1749
18 0.133319 0.151921 0.1749
19 0.133886 0.152359 0.1749
20 0.139109 0.153642 0.1749
21 0.139155 0.155379 0.1749
22 0.139155 0.156414 0.1749
23 0.139953 0.157902 0.1749
24 0.141771 0.158748 0.1749
25 0.142079 0.160295 0.1749
26 0.142651 0.161243 0.1749
27 0.143419 0.162239 0.1749
28 0.143953 0.163211 0.1749
29 0.144486 0.164614 0.1749
