1 1.259e-10 5.56795 18.7604
2 3.90625e-09 6.04866 18.7604
3 8.75141e-05 6.52937 18.7604
4 0.000185934 7.23305 18.7604
5 0.00023587 8.02621 18.7604
6 0.00101029 8.52976 18.7604
7 0.00924988 9.06033 18.7604
8 0.0152393 9.64187 18.7604
9 0.195923 10.1405 18.7604
10 0.720773 10.6114 18.7604
11 9.03303 11.2578 18.7604
12 9.47106 11.2868 18.7604
13 9.61417 11.3203 18.7604
14 9.61417 11.3203 18.7604
15 9.61417 11.358 18.7604
16 9.61417 11.358 18.7604
17 9.61417 11.388 18.7604
18 9.61445 11.7741 18.7604
19 9.61417 11.7741 18.7604
20 9.61445 12.6617 27.3657
21 9.61417 12.6617 27.3657
22 9.61417 12.6617 27.3657
23 9.61417 12.6617 27.3657
24 9.61417 12.6617 27.3657
25 9.61445 12.7545 27.3657
26 9.61417 12.7545 27.3657
27 8.42268 12.6949 27.3657
28 9.61445 12.7608 27.3657
29 9.61445 12.8094 27.3657
30 9.68168 13.2201 27.3657
31 9.74087 13.4837 27.3657
32 9.98806 13.7499 27.3657
33 10.0711 13.8896 27.3657
34 10.1393 14.0328 27.3657
35 10.2133 14.0794 27.3657
36 10.3694 14.5532 27.3657
37 9.61417 14.5155 27.3657
38 10.5859 14.8379 27.3657
39 8.44742 14.731 27.3657
40 10.6125 14.8822 27.3657
41 11.0723 15.0131 27.3657
42 11.4702 15.1066 27.3657
43 11.4702 15.1658 27.3657
44 11.6399 15.3526 27.3657
45 5.97229 15.0692 27.3657
46 11.8077 15.4327 27.3657
47 12.6547 15.5074 27.3657
48 12.7829 15.7021 27.3657
49 12.9338 15.8359 27.3657
50 12.9418 16.4723 27.3657
51 13.2047 17.4997 33.4899
52 13.2314 18.1884 33.4899
53 13.0303 18.1783 33.4899
54 13.243 18.3454 33.4899
55 13.3008 18.8767 33.4899
56 13.6481 19.949 34.7472
57 14.0738 20.1514 34.7472
58 14.9553 20.4775 34.7472
59 15.0639 21.0357 34.7472
60 13.0412 20.9345 34.7472
61 15.2054 21.4385 34.7472
62 15.459 21.5232 34.7472
63 13.847 21.4426 34.7472
64 13.472 21.4238 34.7472
65 13.3682 21.4186 34.7472
66 15.8634 21.5945 34.7472
67 16.0638 21.9494 34.7472
68 12.9673 21.7946 34.7472
69 16.3713 22.1069 34.7472
70 16.5489 22.2285 34.7472
71 16.8866 22.8244 34.7472
72 16.8992 23.1369 34.7472
73 13.0273 22.9433 34.7472
74 17.3373 23.6317 34.7472
75 15.5847 23.5441 34.7472
76 15.7893 23.5543 34.7472
77 17.6945 24.1649 34.7472
78 17.828 24.4654 34.7472
79 18.7604 24.8162 34.7472
80 18.8032 25.2288 34.7472
81 19.2132 25.6685 34.7472
82 19.6893 26.0968 34.7472
83 20.597 26.521 34.7472
84 22.9609 26.8678 34.7472
85 23.1202 26.9738 34.7472
86 23.1353 27.1303 34.7472
87 23.7042 27.3355 34.7472
88 23.8702 27.5239 34.7472
89 24.8437 27.663 34.7472
90 24.7941 27.6605 34.7472
91 25.0815 27.7739 34.7472
92 25.6621 27.8813 34.7472
93 26.1183 27.9526 34.7472
94 26.2496 28.0498 34.7472
95 26.6523 28.0924 34.7472
96 26.7957 28.1362 34.7472
97 21.7245 27.8826 34.7472
98 26.9777 28.1906 34.7472
99 27.013 28.2382 34.7472
100 18.8553 27.8303 34.7472
101 27.0617 28.2871 34.7472
102 27.0892 28.3429 34.7472
103 27.1015 28.3683 34.7472
104 27.2284 28.8452 36.6386
105 17.62 28.3647 36.6386
106 15.2966 28.2486 36.6386
107 25.253 28.7464 36.6386
108 27.2401 28.8831 36.6386
109 26.0017 28.8212 36.6386
110 27.3657 28.9048 36.6386
111 16.2962 28.3513 36.6386
112 13.2037 28.1967 36.6386
113 27.4722 28.9466 36.6386
114 27.5278 28.9643 36.6386
115 12.9743 28.2367 36.6386
116 13.405 28.2582 36.6386
117 15.101 28.343 36.6386
118 27.5318 28.9839 36.6386
119 27.5972 29.0027 36.6386
120 27.5977 29.0417 36.6386
121 24.0069 28.8621 36.6386
122 17.5746 28.5405 36.6386
123 22.3932 28.7814 36.6386
124 27.6739 29.0534 36.6386
125 27.7792 29.0757 36.6386
126 20.3025 28.7018 36.6386
127 27.8276 29.1164 36.6386
128 27.8332 29.4934 36.6386
129 14.1909 28.8113 36.6386
130 27.884 29.514 36.6386
131 27.9084 29.541 36.6386
132 25.397 29.4155 36.6386
133 27.9184 29.5756 36.6386
134 27.9296 29.5994 36.6386
135 27.9865 29.6196 36.6386
136 27.991 29.6498 36.6386
137 14.3057 28.9655 36.6386
138 25.6415 29.5323 36.6386
139 28.0016 29.6657 36.6386
140 28.0614 29.7049 36.6386
141 28.1189 29.7234 36.6386
142 12.5687 28.9459 36.6386
143 12.7471 28.9548 36.6386
144 28.1737 29.7417 36.6386
145 22.6075 29.4634 36.6386
146 24.4071 29.5534 36.6386
147 26.4847 29.6573 36.6386
148 27.0756 29.6868 36.6386
149 15.2546 29.0958 36.6386
150 27.8149 29.7238 36.6386
151 28.1786 29.7525 36.6386
152 25.9757 29.6423 36.6386
153 16.546 29.1708 36.6386
154 13.9057 29.0388 36.6386
155 28.2018 29.7609 36.6386
156 28.2442 29.7833 36.6386
157 23.9835 29.5703 36.6386
158 13.8478 29.0635 36.6386
159 27.0135 29.7218 36.6386
160 19.1886 29.3306 36.6386
161 27.373 29.7398 36.6386
162 28.309 29.8066 36.6386
163 28.3318 29.8263 36.6386
164 22.8405 29.5517 36.6386
165 28.3474 29.8455 36.6386
