1 11.1908 29.4504 59.2976
2 9.98828 29.3903 59.2976
3 11.8986 29.851 59.2976
4 12.8332 30.7666 59.2976
5 16.9069 30.9703 59.2976
6 9.97209 30.6235 59.2976
7 16.9074 31.7095 59.2976
8 8.94086 31.3112 59.2976
9 16.9076 31.7478 59.2976
10 16.8406 31.7445 59.2976
11 9.98809 31.4019 59.2976
12 9.56539 31.3807 59.2976
13 9.56539 31.3807 59.2976
14 9.56539 31.3807 59.2976
15 17.674 32.8747 59.2976
16 18.9978 34.5845 59.2976
17 10.907 34.1799 59.2976
18 9.56539 34.1129 59.2976
19 19.2019 35.9863 59.2976
20 28.3403 37.1099 59.2976
21 28.4748 37.1766 59.2976
22 29.6447 37.3113 59.2976
23 17.2883 36.6935 59.2976
24 29.6736 38.7553 59.2976
25 13.2047 37.9319 59.2976
26 13.9151 37.9674 59.2976
27 16.9066 38.117 59.2976
28 30.2107 39.1105 59.2976
29 23.2153 38.7607 59.2976
30 9.98818 38.0994 59.2976
31 11.1532 38.1576 59.2976
32 9.56539 38.0782 59.2976
33 14.8935 38.3446 59.2976
34 30.3422 40.1306 59.2976
35 19.7079 39.5989 59.2976
36 9.98605 39.1128 59.2976
37 31.1692 41.6631 60.9932
38 9.56539 40.5829 60.9932
39 21.8323 41.1963 60.9932
40 14.2899 40.8192 60.9932
41 31.6098 42.4502 60.9932
42 15.6134 41.6503 60.9932
43 31.6811 43.2941 60.9932
44 16.9072 42.5554 60.9932
45 31.6871 45.2454 70.7078
46 19.1349 44.6178 70.7078
47 31.6916 45.5649 70.7078
48 17.8716 44.8739 70.7078
49 31.7043 47.0533 70.7078
50 17.6086 46.3485 70.7078
51 10.1659 45.9764 70.7078
52 13.2047 46.1283 70.7078
53 11.5919 46.0477 70.7078
54 9.56539 45.9463 70.7078
55 9.56539 45.9463 70.7078
56 21.748 46.5555 70.7078
57 15.7332 46.2547 70.7078
58 31.7051 48.3773 70.7078
59 24.0116 47.9926 70.7078
60 13.2047 47.4523 70.7078
61 31.7088 49.4689 70.7078
62 14.3968 48.6033 70.7078
63 25.4123 49.1541 70.7078
64 16.8727 48.7271 70.7078
65 21.7163 48.9693 70.7078
66 13.2047 48.5437 70.7078
67 12.2971 48.4983 70.7078
68 33.9263 50.302 70.7078
69 36.7767 51.4451 70.7078
70 38.0777 51.6741 70.7078
71 15.1743 50.5289 70.7078
72 13.2047 50.4305 70.7078
73 28.1654 51.1785 70.7078
74 39.4452 51.8413 70.7078
75 31.7163 51.4549 70.7078
76 13.2047 50.5293 70.7078
77 13.2047 50.5293 70.7078
78 30.493 51.3937 70.7078
79 41.3572 52.4377 70.7078
80 24.0116 51.5704 70.7078
81 41.4223 52.8689 70.7078
82 31.4611 52.3708 70.7078
83 31.6881 52.3822 70.7078
84 41.6742 52.9847 70.7078
85 9.56571 51.3793 70.7078
86 43.7395 53.1514 70.7078
87 24.0107 52.1649 70.7078
88 12.5188 51.5903 70.7078
89 33.929 52.6608 70.7078
90 9.56567 51.4427 70.7078
91 28.9416 52.4115 70.7078
92 45.007 53.7537 70.7078
93 9.56558 51.9817 70.7078
94 14.808 52.2438 70.7078
95 31.9446 53.1006 70.7078
96 24.1519 52.711 70.7078
97 31.9857 53.1027 70.7078
98 13.2047 52.1636 70.7078
99 44.3631 53.7215 70.7078
100 14.7461 52.2407 70.7078
101 9.56567 51.9817 70.7078
102 34.0903 53.2079 70.7078
103 10.5482 52.0308 70.7078
104 19.9598 52.5014 70.7078
105 46.8065 53.8437 70.7078
106 8.99114 51.9529 70.7078
107 41.8046 53.5936 70.7078
108 9.56567 51.9817 70.7078
109 9.56539 51.9816 70.7078
110 41.1557 53.5612 70.7078
111 25.4335 52.775 70.7078
112 46.9098 54.2949 70.7078
113 9.98813 52.4488 70.7078
114 37.3005 53.8145 70.7078
115 11.2876 52.5138 70.7078
116 31.9624 53.5476 70.7078
117 24.0115 53.15 70.7078
118 9.56539 52.4277 70.7078
119 18.696 52.8842 70.7078
120 47.0338 54.4256 70.7078
121 17.9608 52.9719 70.7078
122 0.388035 52.0933 70.7078
123 40.1412 54.081 70.7078
124 9.56571 52.5522 70.7078
125 27.2068 53.4342 70.7078
126 17.9607 52.9719 70.7078
127 9.56537 52.5522 70.7078
128 32.4389 53.6958 70.7078
129 16.7213 52.91 70.7078
130 34.5226 53.8 70.7078
131 9.68394 52.5581 70.7078
