1 0.0974679 0.123843 0.146124
2 0.101124 0.125061 0.146124
3 0.120984 0.126206 0.146124
4 0.121072 0.12621 0.146124
5 0.121809 0.126387 0.146124
6 0.121833 0.126955 0.146124
7 0.122013 0.127072 0.146124
8 0.122597 0.127203 0.146124
9 0.123482 0.127311 0.146124
10 0.12401 0.127362 0.146124
11 0.116735 0.126998 0.146124
12 0.124007 0.127361 0.146124
13 0.124178 0.127518 0.146124
14 0.124318 0.127588 0.146124
15 0.12449 0.127612 0.146124
16 0.124618 0.127719 0.146124
17 0.124639 0.127765 0.146124
18 0.124754 0.12779 0.146124
19 0.124798 0.127956 0.146124
20 0.124875 0.127993 0.146124
21 0.124957 0.127997 0.146124
22 0.125132 0.128325 0.146124
23 0.125525 0.128381 0.146124
24 0.125535 0.128416 0.146124
25 0.124909 0.128384 0.146124
26 0.125585 0.12845 0.146124
27 0.125651 0.128456 0.146124
28 0.125547 0.128451 0.146124
29 0.12569 0.128515 0.146124
30 0.125467 0.128504 0.146124
31 0.125262 0.128493 0.146124
32 0.126153 0.128559 0.146124
33 0.126164 0.12859 0.146124
34 0.125925 0.128578 0.146124
35 0.1262 0.128736 0.146124
36 0.126216 0.128763 0.146124
37 0.126231 0.128906 0.146124
38 0.126253 0.129029 0.146124
39 0.126567 0.129146 0.146124
40 0.126634 0.12917 0.146124
41 0.121788 0.128927 0.146124
42 0.125793 0.129128 0.146124
43 0.126726 0.12919 0.146124
44 0.126745 0.12925 0.146124
45 0.126784 0.129317 0.146124
46 0.126764 0.129316 0.146124
47 0.126833 0.129431 0.146124
48 0.126859 0.129516 0.146124
49 0.115204 0.128933 0.146124
50 0.127046 0.129667 0.146124
51 0.125447 0.129587 0.146124
52 0.127047 0.129711 0.146124
53 0.126903 0.129703 0.146124
54 0.126273 0.129672 0.146124
55 0.127131 0.130183 0.146124
56 0.127186 0.130266 0.146124
57 0.127895 0.130374 0.146124
58 0.127913 0.130435 0.146124
59 0.12793 0.130487 0.146124
60 0.128083 0.130519 0.146124
61 0.128088 0.13063 0.146124
62 0.12851 0.130651 0.146124
63 0.128435 0.130647 0.146124
64 0.128545 0.130775 0.146124
65 0.128575 0.130806 0.146124
66 0.114972 0.130126 0.146124
67 0.128582 0.130835 0.146124
68 0.128685 0.130876 0.146124
69 0.128723 0.130895 0.146124
70 0.128777 0.130953 0.146124
71 0.128957 0.13097 0.146124
72 0.129048 0.131052 0.146124
73 0.12907 0.131054 0.146124
74 0.129071 0.131095 0.146124
75 0.129083 0.131096 0.146124
76 0.129088 0.131165 0.146124
77 0.128281 0.131125 0.146124
78 0.129089 0.131209 0.146124
79 0.129108 0.131284 0.146124
80 0.129114 0.131325 0.146124
81 0.129155 0.131388 0.146124
82 0.129156 0.131441 0.146124
83 0.129354 0.131503 0.146124
84 0.129408 0.131559 0.146124
85 0.127316 0.131454 0.146124
86 0.129881 0.131611 0.146124
87 0.129886 0.131613 0.146124
88 0.129886 0.131644 0.146124
89 0.129919 0.131679 0.146124
90 0.129931 0.131843 0.146124
91 0.12997 0.132135 0.146124
92 0.130221 0.132166 0.146124
93 0.1303 0.132225 0.146124
94 0.130371 0.132233 0.146124
95 0.130387 0.132275 0.146124
96 0.130458 0.13228 0.146124
97 0.130466 0.132582 0.146124
98 0.130468 0.132584 0.146124
99 0.130471 0.13259 0.146124
100 0.130479 0.132708 0.146124
