1 0.0787131 0.117557 0.175609
2 0.0787131 0.117557 0.175609
3 0.078714 0.124015 0.175609
4 0.078714 0.124099 0.175609
5 0.078714 0.124099 0.175609
6 0.078714 0.130559 0.175609
7 0.078714 0.130642 0.175609
8 0.078714 0.130726 0.175609
9 0.078758 0.137186 0.175609
10 0.0799717 0.143643 0.175609
11 0.0799717 0.150019 0.17561
12 0.0799717 0.156393 0.17561
13 0.0799717 0.162764 0.17561
14 0.0799717 0.16914 0.17561
15 0.174754 0.175515 0.17561
16 0.175079 0.175537 0.17561
17 0.175306 0.175572 0.17561
18 0.175536 0.175591 0.17561
