1 0 1.92454 19.2454
2 0 1.92454 19.2454
3 0 1.92454 19.2454
4 0 3.79748 19.2454
5 0 3.79748 19.2454
6 0 3.79748 19.2454
7 0 3.79807 19.2454
8 0 3.79807 19.2454
9 0 3.79807 19.2454
10 0 3.79807 19.2454
11 0 5.63411 19.2454
12 0 5.63411 19.2454
13 0 5.63411 19.2454
14 0 7.84248 22.0837
15 0 9.74795 22.0837
16 0 9.74795 22.0837
17 0 11.5101 22.0837
18 0 13.3619 22.0837
19 0 15.2819 22.0837
20 0.00596842 17.1318 22.0837
21 17.6216 19.1787 22.0837
22 18.3604 19.701 22.8447
23 18.4991 19.847 22.8447
24 18.5177 20.0633 22.8447
25 18.7294 20.4318 22.8447
26 19.0547 20.68 22.8447
27 19.1918 20.6937 22.8447
28 19.1998 21.0586 22.8447
29 19.2454 21.1039 22.8447
30 19.6524 21.4138 22.8447
31 19.8198 21.737 22.8844
32 20.4754 22.0216 22.8844
33 20.6624 22.161 22.8844
34 21.2106 22.3835 22.8868
35 21.8697 22.5353 22.8868
36 22.0837 22.5756 22.8868
37 22.2033 22.6558 22.8868
38 22.2722 22.7229 22.8868
39 22.14 22.7097 22.8868
40 22.3443 22.7582 22.8868
41 22.6258 22.8082 22.8868
42 22.6664 22.8232 22.8868
43 22.7291 22.8437 22.8868
44 22.7765 22.856 22.8868
45 22.8409 22.867 22.8868
46 21.8905 22.7719 22.8868
47 22.8436 22.8714 22.8868
